3.815017174929380417e-03
3.170617856085300446e-03
3.681918838992714882e-03
4.541239235550165176e-03
5.010772030800580978e-03
6.039504427462816238e-03
7.319004274904727936e-03
7.167515344917774200e-03
7.059509400278329849e-03
7.384981960058212280e-03
7.102836389094591141e-03
6.331676617264747620e-03
6.120859645307064056e-03
5.684108007699251175e-03
5.506435874849557877e-03
5.131038371473550797e-03
5.005888640880584717e-03
5.670860875397920609e-03
5.941888783127069473e-03
6.515686865895986557e-03
7.146683055907487869e-03
6.805729120969772339e-03
6.574443541467189789e-03
6.105274427682161331e-03
5.444146692752838135e-03
5.429912358522415161e-03
4.029574804008007050e-03
3.558431519195437431e-03
3.471050178632140160e-03
2.920733764767646790e-03
3.367875469848513603e-03
3.163136774674057961e-03
4.049108363687992096e-03
4.511263687163591385e-03
5.692472215741872787e-03
6.231931038200855255e-03
7.518911268562078476e-03
7.908906787633895874e-03
7.547692395746707916e-03
7.622969336807727814e-03
6.986518390476703644e-03
6.085637025535106659e-03
5.289540626108646393e-03
4.971185233443975449e-03
4.693040158599615097e-03
5.322269629687070847e-03
4.881102591753005981e-03
5.551892798393964767e-03
6.002619396895170212e-03
6.845419295132160187e-03
7.057534996420145035e-03
7.372098043560981750e-03
7.467428222298622131e-03
6.921215914189815521e-03
6.109326612204313278e-03
4.822449758648872375e-03
4.032016266137361526e-03
3.440658794716000557e-03
3.192696953192353249e-03
2.987075131386518478e-03
1.243445789441466331e-03
1.186663401313126087e-03
1.237263553775846958e-03
1.709549571387469769e-03
1.964680617675185204e-03
2.276282291859388351e-03
2.819013781845569611e-03
2.644354710355401039e-03
2.314050681889057159e-03
2.385067753493785858e-03
2.231760416179895401e-03
2.058036392554640770e-03
1.873870380222797394e-03
1.316748559474945068e-03
1.234718016348779202e-03
1.109152566641569138e-03
1.262875390239059925e-03
1.720978762023150921e-03
1.918184570968151093e-03
2.289789728820323944e-03
2.576870610937476158e-03
2.335350494831800461e-03
2.441122662276029587e-03
2.071543829515576363e-03
1.924470649100840092e-03
2.029930939897894859e-03
1.440547639504075050e-03
1.204326632432639599e-03
1.243549631908535957e-03
9.971463587135076523e-04
1.291344524361193180e-03
1.270096516236662865e-03
1.644714851863682270e-03
1.980058150365948677e-03
2.105000196024775505e-03
2.345636952668428421e-03
3.104640170931816101e-03
3.201424609869718552e-03
3.014245536178350449e-03
3.143966896459460258e-03
2.727060578763484955e-03
2.520347945392131805e-03
2.073154086247086525e-03
1.767838490195572376e-03
1.671729260124266148e-03
2.090298105031251907e-03
1.859012409113347530e-03
2.207810990512371063e-03
2.242202637717127800e-03
2.673603128641843796e-03
2.615625970065593719e-03
3.041571704670786858e-03
3.210983704775571823e-03
2.813351107761263847e-03
2.377898432314395905e-03
1.877143280580639839e-03
1.640818431042134762e-03
1.332177896983921528e-03
1.132686389610171318e-03
1.198767917230725288e-03
1.238510361872613430e-03
1.308851991780102253e-03
1.625492936000227928e-03
1.772825838997960091e-03
1.776514342054724693e-03
2.220123307779431343e-03
2.729398431256413460e-03
2.598741790279746056e-03
2.446265891194343567e-03
2.499307738617062569e-03
2.460344461724162102e-03
1.984110334888100624e-03
1.746278838254511356e-03
1.663521048612892628e-03
1.334671629592776299e-03
1.369634526781737804e-03
1.600504503585398197e-03
1.987850759178400040e-03
1.967122312635183334e-03
2.218408975750207901e-03
2.460552379488945007e-03
2.421537181362509727e-03
2.304751425981521606e-03
2.482060110196471214e-03
2.118819160386919975e-03
2.075803698971867561e-03
1.509538502432405949e-03
1.458834391087293625e-03
1.150349620729684830e-03
9.744437993504106998e-04
1.288383267819881439e-03
1.234042574651539326e-03
1.578321447595953941e-03
1.727628521621227264e-03
2.436602953821420670e-03
2.601755084469914436e-03
2.983282785862684250e-03
3.154668956995010376e-03
3.022609511390328407e-03
2.866185270249843597e-03
2.709449268877506256e-03
2.127546817064285278e-03
1.820101169869303703e-03
1.795216696336865425e-03
1.603413838893175125e-03
1.796671305783092976e-03
1.674482715316116810e-03
1.992578385397791862e-03
2.432135166600346565e-03
2.681655576452612877e-03
2.757763722911477089e-03
2.991231158375740051e-03
2.906083595007658005e-03
2.834339393302798271e-03
2.542582806199789047e-03
1.936575165018439293e-03
1.650065765716135502e-03
1.384180854074656963e-03
1.303501077927649021e-03
1.042863121256232262e-03
7.247155881486833096e-04
3.039129951503127813e-04
3.645916876848787069e-04
5.147818592377007008e-04
6.913631223142147064e-04
7.677829125896096230e-04
8.622297318652272224e-04
1.064007170498371124e-03
1.141933607868850231e-03
1.353477826341986656e-03
1.259758369997143745e-03
1.172584714367985725e-03
1.355244196020066738e-03
1.472913078032433987e-03
1.609440078027546406e-03
1.469172537326812744e-03
1.063487725332379341e-03
9.481565793976187706e-04
8.141231955960392952e-04
7.496001198887825012e-04
6.708944565616548061e-04
7.776535931043326855e-04
6.788948667235672474e-04
4.406998341437429190e-04
3.853720845654606819e-04
4.266211180947721004e-04
3.707738651428371668e-04
3.491622628644108772e-04
5.920329131186008453e-04
5.252759438008069992e-04
3.786184533964842558e-04
2.642224717419594526e-04
3.280701930634677410e-04
2.918603713624179363e-04
4.319720610510557890e-04
6.123456987552344799e-04
5.840844241902232170e-04
7.058054907247424126e-04
6.597769097425043583e-04
7.160397944971919060e-04
6.881421431899070740e-04
6.571274134330451488e-04
5.967085016891360283e-04
6.118261953815817833e-04
6.664266693405807018e-04
8.720484911464154720e-04
7.171827019192278385e-04
6.094884010963141918e-04
6.682968814857304096e-04
6.221124785952270031e-04
6.613354780711233616e-04
5.369129357859492302e-04
5.561867728829383850e-04
4.523887764662504196e-04
4.512458690442144871e-04
3.696309286169707775e-04
3.399149863980710506e-04
2.710280532483011484e-04
3.536820004228502512e-04
3.005361941177397966e-04
6.083454936742782593e-04
3.711894678417593241e-04
4.545707197394222021e-04
5.440821987576782703e-04
5.782139487564563751e-04
7.753157988190650940e-04
9.083621553145349026e-04
8.604114409536123276e-04
1.157259102910757065e-03
1.147128641605377197e-03
1.150973024778068066e-03
1.116945175454020500e-03
1.145466230809688568e-03
1.230925554409623146e-03
1.327606267295777798e-03
1.183078740723431110e-03
1.079021021723747253e-03
1.013874541968107224e-03
1.242458703927695751e-03
1.257888157851994038e-03
1.438365667127072811e-03
1.271187560632824898e-03
1.149674295447766781e-03
1.110970857553184032e-03
1.015485031530261040e-03
8.975563687272369862e-04
7.087147096171975136e-04
5.461082910187542439e-04
4.851178673561662436e-04
4.238677211105823517e-04
4.095292533747851849e-04
3.947751829400658607e-04
4.980016965419054031e-04
5.117167602293193340e-04
7.188970921561121941e-04
6.721931858919560909e-04
8.469042368233203888e-04
8.470081374980509281e-04
8.510602638125419617e-04
8.967771427705883980e-04
8.618661086075007915e-04
7.806147914379835129e-04
7.995769265107810497e-04
7.963040261529386044e-04
7.514703320339322090e-04
5.632520769722759724e-04
6.304246489889919758e-04
7.420152542181313038e-04
6.599847110919654369e-04
8.680482278577983379e-04
1.022810116410255432e-03
8.023822447285056114e-04
7.941740332171320915e-04
8.211365784518420696e-04
7.375994464382529259e-04
6.391004426404833794e-04
4.012171120848506689e-04
4.532719613052904606e-04
4.028275725431740284e-04
4.449078405741602182e-04
3.640721843112260103e-04
3.495778655633330345e-04
4.008534597232937813e-04
5.087555618956685066e-04
4.762862226925790310e-04
8.066942100413143635e-04
7.550030131824314594e-04
7.858099415898323059e-04
8.517876267433166504e-04
6.380095146596431732e-04
7.232609787024557590e-04
7.466389215551316738e-04
5.106777534820139408e-04
3.966454241890460253e-04
4.399725003167986870e-04
3.568510001059621572e-04
4.215818771626800299e-04
6.721931858919560909e-04
9.327271836809813976e-04
1.078657340258359909e-03
9.874315001070499420e-04
8.305915980599820614e-04
9.356883820146322250e-04
7.630554027855396271e-04
5.384715041145682335e-04
6.819080444984138012e-04
4.663635918404906988e-04
3.849045024253427982e-04
3.573185531422495842e-04
4.266730684321373701e-04
3.899437433574348688e-04
4.700001445598900318e-04
4.137372889090329409e-04
6.722451653331518173e-04
7.328718784265220165e-04
5.801881197839975357e-04
1.000159536488354206e-03
1.139024388976395130e-03
1.030602725222706795e-03
1.296643516980111599e-03
9.138170280493795872e-04
1.029771519824862480e-03
6.971296388655900955e-04
5.674081621691584587e-04
6.287622381933033466e-04
7.244558655656874180e-04
6.208656704984605312e-04
8.848803699947893620e-04
7.416516309604048729e-04
8.960497798398137093e-04
8.448781445622444153e-04
1.096424530260264874e-03
1.069929567165672779e-03
1.132894190959632397e-03
8.370335563085973263e-04
6.937528378330171108e-04
6.550493999384343624e-04
4.949365975335240364e-04
2.679629542399197817e-04
3.598641487769782543e-04
5.211718380451202393e-04
3.593965957406908274e-04
3.946712822653353214e-04
4.286991606932133436e-04
6.326065631583333015e-04
4.555577761493623257e-04
6.736997747793793678e-04
6.875187391415238380e-04
4.845464136451482773e-04
6.139042670838534832e-04
4.440246848389506340e-04
4.171660402789711952e-04
4.447519895620644093e-04
2.484813448973000050e-04
3.112380800303071737e-04
2.666122163645923138e-04
3.114978317171335220e-04
3.449542273301631212e-04
2.897823287639766932e-04
5.256915464997291565e-04
6.345287547446787357e-04
5.851234309375286102e-04
4.590904572978615761e-04
4.747796338051557541e-04
6.624264060519635677e-04
5.860066157765686512e-04
3.726960276253521442e-04
3.527468943502753973e-04
3.957622684538364410e-04
2.261943882331252098e-04
3.576302551664412022e-04
2.714436559472233057e-04
5.515631055459380150e-04
5.815388285554945469e-04
4.700001445598900318e-04
6.349443574436008930e-04
8.510602638125419617e-04
7.890308625064790249e-04
7.577044307254254818e-04
7.041430217213928699e-04
6.799858529120683670e-04
4.536875640042126179e-04
4.445961385499686003e-04
3.862032899633049965e-04
3.732155601028352976e-04
3.708777658175677061e-04
4.470378335099667311e-04
5.306269158609211445e-04
5.784737295471131802e-04
7.138059008866548538e-04
7.626917213201522827e-04
7.069483981467783451e-04
8.676326251588761806e-04
8.111100178211927414e-04
6.440358120016753674e-04
4.722859885077923536e-04
4.516614717431366444e-04
3.473959222901612520e-04
2.983542508445680141e-04
4.292706144042313099e-04
4.681818536482751369e-04
5.164442700333893299e-04
5.517709068953990936e-04
5.550438654609024525e-04
6.335936486721038818e-04
6.734919734299182892e-04
9.105960489250719547e-04
7.416516309604048729e-04
7.147410069592297077e-04
5.466277943924069405e-04
6.014879909344017506e-04
6.504777120426297188e-04
5.368610145524144173e-04
4.434012807905673981e-04
3.759689570870250463e-04
3.850603534374386072e-04
4.827281227335333824e-04
5.915653309784829617e-04
5.280813202261924744e-04
8.428000728599727154e-04
7.243519648909568787e-04
7.962520467117428780e-04
8.181234006769955158e-04
8.040447137318551540e-04
7.174424827098846436e-04
6.621666834689676762e-04
3.705141134560108185e-04
3.740467655006796122e-04
3.232387534808367491e-04
3.624616947490721941e-04
3.831381909549236298e-04
4.076070617884397507e-04
4.707274492830038071e-04
5.877729272469878197e-04
8.539176196791231632e-04
7.569252047687768936e-04
8.756850147619843483e-04
7.988496217876672745e-04
9.281554957851767540e-04
8.865947602316737175e-04
8.340723579749464989e-04
6.810248596593737602e-04
6.000853027217090130e-04
5.365493125282227993e-04
5.217432626523077488e-04
6.268919678404927254e-04
5.802920204587280750e-04
7.941740332171320915e-04
9.617158211767673492e-04
1.010237960144877434e-03
9.850937640294432640e-04
1.104840659536421299e-03
9.348571766167879105e-04
1.177520025521516800e-03
1.094969920814037323e-03
7.365604396909475327e-04
6.682449602521955967e-04
5.799283389933407307e-04
4.734289250336587429e-04
3.796055098064243793e-04
2.752880391199141741e-04
3.073936968576163054e-04
3.881254815496504307e-04
4.779486334882676601e-04
2.805870317388325930e-04
4.853776190429925919e-04
6.573352147825062275e-04
5.666808574460446835e-04
5.187820643186569214e-04
5.627325735986232758e-04
5.359259084798395634e-04
3.435515682213008404e-04
3.908788785338401794e-04
3.608512342907488346e-04
2.851067692972719669e-04
3.256284981034696102e-04
2.961203572340309620e-04
4.885985981673002243e-04
4.253742808941751719e-04
5.047033773735165596e-04
6.157744792290031910e-04
5.628364742733538151e-04
6.427370244637131691e-04
6.665305700153112411e-04
4.944170941598713398e-04
4.958197823725640774e-04
4.670908965636044741e-04
4.198155365884304047e-04
3.236024058423936367e-04
2.039593819063156843e-04
3.092639381065964699e-04
2.239604946225881577e-04
4.009573603980243206e-04
3.715531202033162117e-04
6.601925124414265156e-04
8.378127822652459145e-04
9.850417263805866241e-04
9.405717719346284866e-04
8.625414338894188404e-04
6.287622381933033466e-04
6.650759023614227772e-04
4.962353850714862347e-04
4.431934794411063194e-04
4.246989265084266663e-04
4.142048419453203678e-04
4.364917986094951630e-04
4.031393036711961031e-04
4.049575654789805412e-04
5.323413060978055000e-04
6.009165081195533276e-04
6.116183940321207047e-04
7.314172689802944660e-04
7.399372407235205173e-04
5.278215394355356693e-04
4.956119810231029987e-04
4.842347116209566593e-04
3.664099785964936018e-04
3.014713001903146505e-04
3.261999518144875765e-04
2.753399894572794437e-04
2.402211393928155303e-04
3.227712004445493221e-04
3.562275960575789213e-04
4.907285911031067371e-04
6.065791822038590908e-04
7.088186102919280529e-04
1.007484621368348598e-03
7.235726807266473770e-04
6.325546419247984886e-04
7.692895014770328999e-04
7.253389921970665455e-04
5.628364742733538151e-04
5.773827433586120605e-04
4.701559955719858408e-04
3.692672762554138899e-04
3.655268228612840176e-04
3.962817718274891376e-04
4.921832005493342876e-04
4.679740522988140583e-04
5.013265763409435749e-04
6.906877388246357441e-04
7.243519648909568787e-04
8.269030950032174587e-04
5.967604229226708412e-04
5.233018309809267521e-04
5.672003608196973801e-04
4.721301374956965446e-04
3.464608162175863981e-04
3.505649510771036148e-04
2.688980603124946356e-04
3.897878923453390598e-04
3.949310339521616697e-04
5.076126544736325741e-04
5.257954471744596958e-04
6.784792640246450901e-04
8.640480227768421173e-04
9.312725160270929337e-04
8.359944913536310196e-04
7.789004594087600708e-04
8.359944913536310196e-04
8.851920720189809799e-04
7.936025504022836685e-04
7.050781277939677238e-04
6.525038043037056923e-04
5.029370659030973911e-04
8.470600587315857410e-04
6.220605573616921902e-04
6.086052744649350643e-04
7.488208357244729996e-04
9.056087583303451538e-04
8.383842650800943375e-04
1.095853163860738277e-03
1.016887719742953777e-03
6.642966764047741890e-04
7.272092625498771667e-04
5.925004952587187290e-04
4.349332593847066164e-04
3.527988446876406670e-04
4.953002789989113808e-04
3.378889232408255339e-04
1.179805840365588665e-04
1.549176959088072181e-04
8.551124483346939087e-05
2.813662867993116379e-04
2.492086496204137802e-04
3.052117826882749796e-04
3.828264598269015551e-04
4.474534362088888884e-04
3.451620286796241999e-04
3.638643829617649317e-04
3.391357313375920057e-04
3.313950437586754560e-04
3.410579229239374399e-04
2.014657366089522839e-04
1.142401160905137658e-04
1.201625200337730348e-04
1.335139095317572355e-04
2.116481336997821927e-04
2.277009625686332583e-04
1.841141347540542483e-04
2.642224717419594526e-04
1.952835882548242807e-04
2.194407716160640121e-04
2.369482390349730849e-04
2.002708788495510817e-04
1.948160206666216254e-04
1.293578388867899776e-04
1.202144776470959187e-04
1.399038737872615457e-04
7.538081263191998005e-05
1.539825898362323642e-04
1.337217254331335425e-04
1.718017592793330550e-04
2.004786801990121603e-04
2.236487925983965397e-04
2.664563653524965048e-04
3.221477672923356295e-04
4.373749543447047472e-04
4.470378335099667311e-04
3.071858955081552267e-04
2.480657421983778477e-04
2.432862529531121254e-04
2.263502392452210188e-04
1.617232774151489139e-04
1.668144686846062541e-04
1.479043276049196720e-04
1.690483622951433063e-04
1.836985175032168627e-04
1.732563832774758339e-04
1.581386604811996222e-04
1.696717663435265422e-04
1.423455687472596765e-04
2.565337345004081726e-04
2.050503535429015756e-04
1.696198160061612725e-04
1.186039953608997166e-04
9.917434363160282373e-05
1.370465761283412576e-04
7.106888369889929891e-05
7.174424536060541868e-05
2.706644008867442608e-04
2.868730807676911354e-04
3.808003966696560383e-04
4.210623737890273333e-04
5.099504487589001656e-04
6.165017839521169662e-04
7.595227216370403767e-04
7.814979762770235538e-04
7.867450476624071598e-04
9.741320973262190819e-04
9.559492464177310467e-04
6.329702446237206459e-04
5.370168364606797695e-04
5.310425185598433018e-04
4.403361526783555746e-04
4.214260261505842209e-04
5.336400354281067848e-04
5.754605517722666264e-04
6.502699106931686401e-04
4.742601304315030575e-04
6.440358120016753674e-04
6.496984278783202171e-04
5.159767461009323597e-04
5.410170997492969036e-04
4.622594569809734821e-04
4.376866563688963652e-04
3.644358366727828979e-04
3.659424255602061749e-04
2.705085498746484518e-04
2.163756580557674170e-04
3.006400947924703360e-04
3.201217041350901127e-04
3.999183245468884706e-04
4.053731681779026985e-04
5.279254401102662086e-04
6.122937775216996670e-04
5.842402460984885693e-04
8.454495691694319248e-04
7.564057013951241970e-04
8.026939467526972294e-04
7.761470624245703220e-04
5.783698288723826408e-04
4.987809807062149048e-04
5.254318239167332649e-04
4.393490962684154510e-04
4.660518898162990808e-04
4.444922378752380610e-04
4.454792942851781845e-04
5.464719142764806747e-04
5.539528792724013329e-04
5.858507356606423855e-04
5.678237648680806160e-04
6.293336628004908562e-04
5.676679429598152637e-04
4.632465424947440624e-04
3.787223540712147951e-04
3.241219092160463333e-04
2.415718627162277699e-04
2.378833596594631672e-04
2.033879281952977180e-04
2.243761118734255433e-04
1.981408859137445688e-04
3.047961508855223656e-04
3.187709662597626448e-04
3.523832128848880529e-04
4.447519895620644093e-04
4.019444168079644442e-04
5.089113838039338589e-04
4.259977140463888645e-04
4.158153315074741840e-04
3.669814323075115681e-04
3.571107517927885056e-04
2.815221378114074469e-04
3.282260440755635500e-04
2.332597214262932539e-04
2.375196927459910512e-04
2.880160172935575247e-04
3.322262491565197706e-04
3.633968299254775047e-04
3.966454241890460253e-04
4.763901233673095703e-04
4.127502033952623606e-04
3.279143420513719320e-04
4.704676975961774588e-04
4.447000392246991396e-04
4.801305767614394426e-04
3.074975975323468447e-04
2.990296052303165197e-04
2.329999697394669056e-04
1.916470209835097194e-04
2.953411021735519171e-04
2.823533432092517614e-04
3.067183424718677998e-04
3.629292768891900778e-04
3.945673815906047821e-04
3.947232326027005911e-04
5.383156239986419678e-04
5.697978776879608631e-04
4.755069385282695293e-04
5.481343832798302174e-04
4.341540043242275715e-04
3.719167725648730993e-04
2.780414361041039228e-04
3.085366333834826946e-04
2.281165798194706440e-04
2.672356204129755497e-04
2.465591533109545708e-04
3.479674051050096750e-04
3.916061832569539547e-04
5.165481707081198692e-04
5.752008291892707348e-04
5.871495231986045837e-04
6.019555148668587208e-04
5.613298853859305382e-04
4.887544200755655766e-04
3.370576887391507626e-04
2.912889176513999701e-04
2.612093230709433556e-04
2.659888123162090778e-04
1.845297374529764056e-04
3.137836756650358438e-05
8.057590457610785961e-05
8.379686914850026369e-05
1.017199392663314939e-04
1.104996481444686651e-04
7.974469190230593085e-05
1.644247240619733930e-04
1.482160296291112900e-04
1.530994195491075516e-04
1.657234970480203629e-04
1.702951849438250065e-04
1.956472406163811684e-04
2.301426575286313891e-04
3.020947042386978865e-04
6.373860524035990238e-04
5.773827433586120605e-04
1.991799072129651904e-04
1.488913985667750239e-04
1.547098945593461394e-04
1.339295267825946212e-04
1.476965262554585934e-04
1.265005412278696895e-04
1.475926255807280540e-04
1.325268531218171120e-04
7.595227361889556050e-05
8.883611008059233427e-05
8.171882655005902052e-05
6.270478479564189911e-05
6.945840868866071105e-05
8.452418114757165313e-05
6.156186282169073820e-05
7.730299694230780005e-05
7.444569928338751197e-05
5.044436329626478255e-05
1.065513788489624858e-04
1.770488015608862042e-04
1.216691016452386975e-04
2.067647437797859311e-04
1.763734471751376987e-04
1.852051063906401396e-04
1.869194820756092668e-04
1.586581638548523188e-04
2.027125592576339841e-04
2.405848063062876463e-04
2.825092233251780272e-04
4.235040687490254641e-04
2.860418753698468208e-04
2.229214878752827644e-04
2.842755347955971956e-04
1.385012001264840364e-04
1.768929505487903953e-04
1.802697661332786083e-04
7.719909626757726073e-05
8.779708878137171268e-05
9.101804607780650258e-05
7.475740130757912993e-05
6.031504017300903797e-05
3.756053047254681587e-05
6.748427404090762138e-05
1.068111305357888341e-04
3.645916876848787069e-04
4.732730667456053197e-05
5.221069295657798648e-05
7.382228795904666185e-05
1.155908394139260054e-04
8.899196109268814325e-05
1.319034345215186477e-04
1.338775764452293515e-04
1.380336470901966095e-04
1.237471442436799407e-04
1.905040990095585585e-04
1.719056599540635943e-04
2.316492464160546660e-04
2.891589247155934572e-04
2.385587140452116728e-04
1.763214822858572006e-04
1.670742203714326024e-04
1.535150222480297089e-04
1.254095695912837982e-04
1.207339810207486153e-04
9.512217366136610508e-05
9.319998207502067089e-05
6.691281305393204093e-05
2.789765494526363909e-05
5.719798355130478740e-05
6.125016079749912024e-05
2.561181281635072082e-05
4.815851934836246073e-05
4.285952672944404185e-05
7.860176992835476995e-05
8.000444358913227916e-05
7.325082606257637963e-06
4.353488839115016162e-05
1.833868191170040518e-05
4.763901233673095703e-05
5.818505087518133223e-05
7.912128057796508074e-05
5.054826397099532187e-05
4.987290230928920209e-05
7.221180567285045981e-05
1.078501518350094557e-04
1.108633077819831669e-04
1.144998677773401141e-04
1.471250579925253987e-04
1.581906108185648918e-04
1.098242864827625453e-04
6.208137347130104899e-05
8.400467049796134233e-05
1.065513788489624858e-04
1.003172656055539846e-04
8.561514550819993019e-05
6.338014645734801888e-05
1.296695409109815955e-04
6.821158603997901082e-05
7.184814603533595800e-05
8.062785491347312927e-05
7.834201824152842164e-05
6.561404006788507104e-05
3.662541348603554070e-05
4.561292371363379061e-05
3.173163277097046375e-04
1.002133649308234453e-04
1.217730023199692369e-04
9.839508129516616464e-05
9.418705303687602282e-05
1.575672067701816559e-04
1.505538239143788815e-04
1.520603982498869300e-04
2.529491321183741093e-04
2.317531470907852054e-04
3.058871370740234852e-04
3.670333826448768377e-04
4.128021537326276302e-04
5.073528736829757690e-04
6.595171871595084667e-04
5.291203269734978676e-04
3.265636041760444641e-04
2.803272800520062447e-04
2.804311807267367840e-04
3.400708374101668596e-04
2.737294998951256275e-04
2.351818984607234597e-04
2.674954012036323547e-04
1.964784605661407113e-04
2.007384318858385086e-04
1.763214822858572006e-04
1.054604072123765945e-04
1.230198249686509371e-04
1.607881567906588316e-04
1.138764564529992640e-04
6.764012505300343037e-05
1.072786908480338752e-04
7.002986967563629150e-05
6.540623144246637821e-05
1.126296338043175638e-04
1.149674280895851552e-04
1.076943008229136467e-04
1.792307448340579867e-04
2.243241615360602736e-04
2.552869264036417007e-04
1.999072119360789657e-04
2.470267063472419977e-04
2.444811107125133276e-04
2.552869264036417007e-04
3.464608162175863981e-04
1.854648580774664879e-04
2.016216021729633212e-04
2.203239419031888247e-04
7.236765668494626880e-05
2.045308501692488790e-04
1.362153707304969430e-04
1.651000929996371269e-04
1.486835826653987169e-04
1.135647544288076460e-04
1.509694266133010387e-04
8.031615288928151131e-05
6.815963570261374116e-05
8.499173418385908008e-05
1.393843704136088490e-04
2.012059849221259356e-04
1.145518253906629980e-04
1.151752367150038481e-04
1.525799161754548550e-04
1.657234970480203629e-04
2.081674174405634403e-04
2.023489068960770965e-04
3.237582568544894457e-04
3.252648457419127226e-04
3.188229165971279144e-04
3.177839098498225212e-04
3.248492139391601086e-04
3.705141134560108185e-04
3.012634988408535719e-04
3.336808877065777779e-04
3.130563709419220686e-04
3.336808877065777779e-04
4.061524523422122002e-04
2.864574780687689781e-04
4.454273439478129148e-04
4.241274727974087000e-04
5.248603411018848419e-04
3.588251420296728611e-04
3.077573783230036497e-04
3.231348528061062098e-04
2.970035129692405462e-04
2.869250311050564051e-04
2.469747560098767281e-04
1.250459172297269106e-04
1.525279658380895853e-04
1.090450241463258862e-04
1.095645347959361970e-04
1.258771226275712252e-04
1.925301767187193036e-04
1.674378727329894900e-04
2.441694086883217096e-04
2.516503445804119110e-04
4.281796573195606470e-04
2.988737542182207108e-04
3.293689514975994825e-04
3.257843491155654192e-04
3.336289373692125082e-04
2.861457760445773602e-04
2.988737542182207108e-04
2.699370961636304855e-04
2.539361885283142328e-04
2.012059849221259356e-04
2.215187996625900269e-04
2.619885781314224005e-04
3.729038580786436796e-04
3.833979426417499781e-04
4.647531022783368826e-04
3.147187817376106977e-04
3.276026109233498573e-04
3.677087370306253433e-04
3.108224773313850164e-04
2.348182460991665721e-04
1.801658654585480690e-04
2.004786801990121603e-04
1.219288533320650458e-04
1.090450241463258862e-04
2.753399894572794437e-04
1.399038737872615457e-04
1.739317522151395679e-04
2.684824576135724783e-04
3.627214464358985424e-04
4.218935791868716478e-04
4.126982530578970909e-04
6.031504017300903797e-04
5.852273316122591496e-04
5.898509407415986061e-04
5.561347934417426586e-04
4.535317129921168089e-04
4.405439540278166533e-04
3.642799856606870890e-04
3.174721787218004465e-04
3.079651796724647284e-04
3.747221198864281178e-04
2.949774207081645727e-04
3.204853564966470003e-04
3.000166907440871000e-04
2.940423146355897188e-04
3.708258154802024364e-04
3.330055333208292723e-04
1.793865958461537957e-04
1.921665243571624160e-04
1.966862619156017900e-04
1.940367656061425805e-04
1.949718716787174344e-04
4.326993657741695642e-04
3.187190159223973751e-04
1.881143543869256973e-04
1.359556044917553663e-04
1.858804607763886452e-04
1.700354187050834298e-04
1.953874889295548201e-04
2.967957116197794676e-04
2.579883730504661798e-04
3.392915823496878147e-04
3.113419807050377131e-04
3.165890229865908623e-04
2.697812160477042198e-04
2.640146703924983740e-04
1.721134613035246730e-04
1.696717663435265422e-04
8.977122342912480235e-05
1.138764564529992640e-04
2.018813538597896695e-04
1.496187032898887992e-04
1.833868154790252447e-04
2.893147757276892662e-04
2.261943882331252098e-04
1.848933898145332932e-04
2.234929415863007307e-04
1.590218307683244348e-04
1.436443417333066463e-04
1.439560583094134927e-04
1.482679799664765596e-04
9.532997501082718372e-05
2.077518147416412830e-04
1.154869387391954660e-04
5.340556526789441705e-05
3.610590283642522991e-05
5.465238791657611728e-05
7.075718167470768094e-05
1.025511519401334226e-04
1.771527022356167436e-04
1.532033202238380909e-04
1.787631772458553314e-04
2.655732096172869205e-04
4.741562297567725182e-04
3.428242634981870651e-04
3.515000571496784687e-04
4.529082798399031162e-04
5.173794343136250973e-04
4.160231328569352627e-04
4.075031611137092113e-04
3.225114196538925171e-04
3.507727524265646935e-04
2.135183603968471289e-04
1.949199213413521647e-04
1.340334274573251605e-04
1.871272834250703454e-04
1.313839311478659511e-04
1.008887265925295651e-04
6.005528484820388258e-05
7.984859257703647017e-05
6.940645835129544139e-05
4.332708340371027589e-05
4.701560101239010692e-05
4.343098407844081521e-05
4.893778532277792692e-05
4.363878906588070095e-05
2.420913733658380806e-05
5.304190926835872233e-05
8.239418821176514030e-05
8.031615288928151131e-05
1.253056689165532589e-04
1.092008751584216952e-04
1.221886050188913941e-04
1.420338667230680585e-04
1.235912786796689034e-04
1.235912786796689034e-04
1.073825915227644145e-04
5.444458292913623154e-05
1.359556044917553663e-04
2.248436649097129703e-04
1.671781210461631417e-04
1.529435685370117426e-04
9.408315236214548349e-05
9.397925168741494417e-05
1.726329792290925980e-04
1.083696624846197665e-04
1.258251722902059555e-04
1.373582781525328755e-04
1.447353133698925376e-04
7.028962136246263981e-05
5.298995893099345267e-05
7.252351497299969196e-05
4.182050543022342026e-05
3.262519021518528461e-05
8.758928743191063404e-05
9.086219506571069360e-05
1.182403357233852148e-04
1.446833630325272679e-04
1.742434542393311858e-04
2.693136630114167929e-04
2.365845721215009689e-04
2.568973868619650602e-04
3.794496587943285704e-04
4.028795228805392981e-04
3.902034950442612171e-04
2.325324021512642503e-04
2.836521307472139597e-04
2.594429824966937304e-04
2.169990766560658813e-04
2.192849206039682031e-04
1.919067726703360677e-04
2.613132237456738949e-04
2.794440952129662037e-04
3.107185766566544771e-04
3.153941652271896601e-04
3.605395322665572166e-04
3.416813269723206758e-04
3.396552347112447023e-04
2.864055277314037085e-04
2.352857991354539990e-04
2.095700911013409495e-04
1.546579442219808698e-04
8.218638686230406165e-05
1.079540525097399950e-04
1.450470299459993839e-04
1.153310877270996571e-04
1.779839221853762865e-04
1.622427807888016105e-04
2.469747560098767281e-04
2.539361885283142328e-04
1.655156956985592842e-04
2.523257280699908733e-04
1.637493551243096590e-04
2.227656223112717271e-04
1.689444616204127669e-04
1.456704339943826199e-04
1.430209376849234104e-04
1.354880514554679394e-04
9.761581895872950554e-05
9.745996067067608237e-05
1.178766833618283272e-04
9.865483298199251294e-05
1.033304215525276959e-04
1.223444560309872031e-04
1.688925112830474973e-04
1.406831433996558189e-04
1.226561726070940495e-04
1.534630719106644392e-04
1.189156973850913346e-04
1.583464618306607008e-04
8.431637252215296030e-05
6.883499736431986094e-05
6.691281305393204093e-05
7.631593325641006231e-05
8.888806041795760393e-05
6.493867113022133708e-05
6.197747279657050967e-05
1.352802501060068607e-04
1.016160385916009545e-04
1.460860366933047771e-04
1.974655169760808349e-04
1.261888392036780715e-04
2.060374245047569275e-04
1.947121199918910861e-04
1.300332078244537115e-04
1.468653063056990504e-04
1.477484765928238630e-04
1.304488105233758688e-04
1.380336470901966095e-04
1.009926272672601044e-04
1.543981925351545215e-04
1.857765601016581059e-04
2.371560403844341636e-04
1.829712127801030874e-04
3.243816609028726816e-04
3.166409733239561319e-04
2.327402035007253289e-04
2.517022949177771807e-04
2.313375298399478197e-04
1.990240562008693814e-04
1.467094552936032414e-04
1.433845900464802980e-04
8.961537241702899337e-05
9.299218072555959225e-05
8.727757813176140189e-05
4.628828537533991039e-05
5.745773887610994279e-05
1.166298607131466269e-04
1.151232791016809642e-04
5.163923560758121312e-05
1.455145829822868109e-04
1.165779103757813573e-04
1.336178102064877748e-04
9.294023038819432259e-05
1.593854831298813224e-04
1.017718896036967635e-04
1.132010947912931442e-04
1.355919521301984787e-04
5.345751560525968671e-05
7.912128057796508074e-05
8.940756379161030054e-05
1.610479084774851799e-04
1.113828111556358635e-04
1.577750081196427345e-04
2.529491321183741093e-04
1.818802411435171962e-04
1.952316379174590111e-04
1.863999641500413418e-04
1.568918378325179219e-04
1.656195963732898235e-04
6.857523840153589845e-05
9.896654228214174509e-05
7.460155029548332095e-05
5.834090552525594831e-05
