3.8150863256305456e-03
3.1706751324236393e-03
3.6819854285567999e-03
4.5413216575980186e-03
5.0108628347516060e-03
6.0396138578653336e-03
7.3191365227103233e-03
7.1675931103527546e-03
7.0595848374068737e-03
7.3851156048476696e-03
7.1029127575457096e-03
6.3317911699414253e-03
6.1209704726934433e-03
5.6842109188437462e-03
5.5065355263650417e-03
5.1311310380697250e-03
5.0059789791703224e-03
5.6710150092840195e-03
5.9454771690070629e-03
6.5123238600790501e-03
7.1468120440840721e-03
6.7998254671692848e-03
6.5745622850954533e-03
6.1053847894072533e-03
5.4442454129457474e-03
5.4300106130540371e-03
4.0296474471688271e-03
3.5584960132837296e-03
3.4711128100752831e-03
2.9207866173237562e-03
3.3679364714771509e-03
3.1631940510123968e-03
4.0491814725100994e-03
4.5113451778888702e-03
5.6925751268863678e-03
6.2320437282323837e-03
7.5190472416579723e-03
7.9090502113103867e-03
7.5478288345038891e-03
7.6231071725487709e-03
6.9866445846855640e-03
6.0856952331960201e-03
5.2929613739252090e-03
4.9680024385452271e-03
4.6931249089539051e-03
5.3223660215735435e-03
4.8811906017363071e-03
5.5519933812320232e-03
6.0027278959751129e-03
6.8455431610345840e-03
7.0576625876128674e-03
7.3722312226891518e-03
7.4676149524748325e-03
6.9213928654789925e-03
6.1094891279935837e-03
4.8224851489067078e-03
4.0320893749594688e-03
3.4407209604978561e-03
3.1927546951919794e-03
2.9871291480958462e-03
1.2434682575985789e-03
1.1866848217323422e-03
1.2372859055176377e-03
1.7095805378630757e-03
1.9647162407636642e-03
2.2763235028833151e-03
2.8190647717565298e-03
2.6444026734679937e-03
2.3140925914049149e-03
2.3851108271628618e-03
2.2318006958812475e-03
2.0580736454576254e-03
1.8739042570814490e-03
1.3167723082005978e-03
1.2347403680905700e-03
1.1091725900769234e-03
1.2628982076421380e-03
1.7210099613294005e-03
1.9182192627340555e-03
2.2898309398442507e-03
2.5769171770662069e-03
2.3353928700089455e-03
2.4411669000983238e-03
2.0715810824185610e-03
1.9245054572820663e-03
2.0299677271395922e-03
1.4405737165361643e-03
1.2043485185131431e-03
1.2435721000656486e-03
9.9716440308839083e-04
1.2913678074255586e-03
1.2701195664703846e-03
1.6447445377707481e-03
1.9800940062850714e-03
2.1050381474196911e-03
2.3456793278455734e-03
3.1046962831169367e-03
3.2014825846999884e-03
3.0143000185489655e-03
3.1440239399671555e-03
2.7271099388599396e-03
2.5203935801982880e-03
2.0731918048113585e-03
1.7678705044090748e-03
1.6717595281079412e-03
2.0903358235955238e-03
1.8590460531413555e-03
2.2078510373830795e-03
2.2422431502491236e-03
2.6736515574157238e-03
2.6156732346862555e-03
3.0416266527026892e-03
3.2110416796058416e-03
2.8134020976722240e-03
2.3779415059834719e-03
1.8771772738546133e-03
1.6408481169492006e-03
1.3322019949555397e-03
1.1327068787068129e-03
1.1987895704805851e-03
1.2385328300297260e-03
1.3088756240904331e-03
1.6255223890766501e-03
1.7728578532114625e-03
1.7765464726835489e-03
2.2201635874807835e-03
2.7294477913528681e-03
2.5987888220697641e-03
2.4463101290166378e-03
2.4993529077619314e-03
2.4603891652077436e-03
1.9841461908072233e-03
1.7463105032220483e-03
1.6635510837659240e-03
1.3346957275643945e-03
1.3696593232452869e-03
1.6005334910005331e-03
1.9879387691617012e-03
1.9706387538462877e-03
2.2149684373289347e-03
2.4605968501418829e-03
2.4155026767402887e-03
2.3047931026667356e-03
2.4821050465106964e-03
2.1188573446124792e-03
2.0758411847054958e-03
1.5095657436177135e-03
1.4588607009500265e-03
1.1503704590722919e-03
9.7446137806400657e-04
1.2884065508842468e-03
1.2340649263933301e-03
1.5783500857651234e-03
1.7276597209274769e-03
2.4366469588130713e-03
2.6018021162599325e-03
2.9833365697413683e-03
3.1547260005027056e-03
3.0226642265915871e-03
2.8662371914833784e-03
2.7094983961433172e-03
2.1275852341204882e-03
1.8234590534120798e-03
1.7919761594384909e-03
1.6034428263083100e-03
1.7967037856578827e-03
1.6745129832997918e-03
1.9926142413169146e-03
2.4321791715919971e-03
2.6817040052264929e-03
2.7578135486692190e-03
2.9912854079157114e-03
2.9061881359666586e-03
2.8344425372779369e-03
2.5426808279007673e-03
1.9366102060303092e-03
1.6500955680385232e-03
1.3842058833688498e-03
1.3035245938226581e-03
1.0428819805383682e-03
7.2472874308004975e-04
3.0391849577426910e-04
3.6459829425439239e-04
5.1479117246344686e-04
6.9137563696131110e-04
7.6779682422056794e-04
8.6224533151835203e-04
1.0640264954417944e-03
1.1419022921472788e-03
1.3535022735595703e-03
1.2597810709849000e-03
1.1726059019565582e-03
1.3552686432376504e-03
1.4729397371411324e-03
1.6094691818580031e-03
1.4691991964355111e-03
1.0635069338604808e-03
9.4817375065758824e-04
8.1413792213425040e-04
7.4961368227377534e-04
6.7090656375512481e-04
7.7766767935827374e-04
6.7890714854001999e-04
4.4070777948945761e-04
3.8537904038093984e-04
4.2662883060984313e-04
3.7078055902384222e-04
3.4916857839561999e-04
5.9204362332820892e-04
5.2528543164953589e-04
3.7862529279664159e-04
2.6422724477015436e-04
3.2807613024488091e-04
2.9186566825956106e-04
4.3197988998144865e-04
6.1235681641846895e-04
5.8409495977684855e-04
7.0581823820248246e-04
6.5978884231299162e-04
7.1605277480557561e-04
6.8815459962934256e-04
6.5713934600353241e-04
5.9671927010640502e-04
6.1183725483715534e-04
6.6643871832638979e-04
8.7206426542252302e-04
7.1719568222761154e-04
6.0949946055188775e-04
6.6830898867920041e-04
6.2212377088144422e-04
6.6134741064161062e-04
5.3692265646532178e-04
5.5619684280827641e-04
4.5239695464260876e-04
4.5125401811674237e-04
3.6958567216061056e-04
3.3992115641012788e-04
2.7103294269181788e-04
3.5368840326555073e-04
3.0054160743020475e-04
6.0835649492219090e-04
3.7119619082659483e-04
4.5457895612344146e-04
5.4409203585237265e-04
5.7822442613542080e-04
7.7532982686534524e-04
9.0837862808257341e-04
8.6037506116554141e-04
1.1572800576686859e-03
1.1471494799479842e-03
1.1509419418871403e-03
1.1169654317200184e-03
1.1454869527369738e-03
1.2309477897360921e-03
1.3276302488520741e-03
1.1831001611426473e-03
1.0790405794978142e-03
1.0138928191736341e-03
1.2424811720848083e-03
1.2579108588397503e-03
1.4383916277438402e-03
1.2712625321000814e-03
1.1496951337903738e-03
1.1109908809885383e-03
1.0155034251511097e-03
8.9757260866463184e-04
7.0872751530259848e-04
5.4611812811344862e-04
4.8512665671296418e-04
4.2387537541799247e-04
4.0953667485155165e-04
3.9478234248235822e-04
4.9801071872934699e-04
5.1172601524740458e-04
7.1891013067215681e-04
6.7220535129308701e-04
8.4691954543814063e-04
8.4702344611287117e-04
8.5107568884268403e-04
8.9679332450032234e-04
8.6188165005296469e-04
7.8057701466605067e-04
7.9959136201068759e-04
7.9631840344518423e-04
7.5148395262658596e-04
5.6326226331293583e-04
6.3043605769053102e-04
7.4202870018780231e-04
6.5999670187011361e-04
8.6806394392624497e-04
1.0228286264464259e-03
8.0239679664373398e-04
7.9418835230171680e-04
8.2115142140537500e-04
7.3761277599260211e-04
6.3911202596500516e-04
4.0122435893863440e-04
4.5328013948164880e-04
4.0283487760461867e-04
4.4491590233519673e-04
3.6407876177690923e-04
3.4958418109454215e-04
4.0086070657707751e-04
5.0876475870609283e-04
4.7629483742639422e-04
8.0670876195654273e-04
7.5501663377508521e-04
7.8582414425909519e-04
8.5180299356579781e-04
6.3802103977650404e-04
7.2327407542616129e-04
7.4665242573246360e-04
5.1068695029243827e-04
3.9665258373133838e-04
4.3998047476634383e-04
3.5685746115632355e-04
4.2158950236625969e-04
6.7220535129308701e-04
9.3274406390264630e-04
1.0786768980324268e-03
9.8744931165128946e-04
8.3060667384415865e-04
9.3570532044395804e-04
7.6306919800117612e-04
5.3848122479394078e-04
6.8192038452252746e-04
4.6637203195132315e-04
3.8491148734465241e-04
3.5732501419261098e-04
4.2668078094720840e-04
3.8995081558823586e-04
4.7000864287838340e-04
4.1374476859346032e-04
6.7225733073428273e-04
7.3288514977321029e-04
5.8019859716296196e-04
1.0001775808632374e-03
1.1390449944883585e-03
1.0306213516741991e-03
1.2966669164597988e-03
9.1383355902507901e-04
1.0297901462763548e-03
6.9714226992800832e-04
5.6741840671747923e-04
6.2877358868718147e-04
7.2446896228939295e-04
6.2087690457701683e-04
8.8489637710154057e-04
7.4166501872241497e-04
8.9606601977720857e-04
8.4489339496940374e-04
1.0964444372802973e-03
1.0699490085244179e-03
1.1329146800562739e-03
8.3704869030043483e-04
6.9376541068777442e-04
6.5506127430126071e-04
4.9494556151330471e-04
2.6796778547577560e-04
3.5987066803500056e-04
5.2118126768618822e-04
3.5940311499871314e-04
3.9467841270379722e-04
4.2870690231211483e-04
6.3261803006753325e-04
4.5556604163721204e-04
6.7371199838817120e-04
6.8753119558095932e-04
4.8455517389811575e-04
6.1391538474708796e-04
4.4403271749615669e-04
4.1717357817105949e-04
4.4476005132310092e-04
2.4848582688719034e-04
3.1124369706958532e-04
2.6661704760044813e-04
3.1150347786024213e-04
3.4496048465371132e-04
2.8978759655728936e-04
5.2570109255611897e-04
6.3454027986153960e-04
5.8513402473181486e-04
4.5909875188954175e-04
4.7478821943514049e-04
6.6243839683011174e-04
5.8601720957085490e-04
3.7270277971401811e-04
3.5275326808914542e-04
3.9576942799612880e-04
2.2619847732130438e-04
3.5763674532063305e-04
2.7144857449457049e-04
5.5157311726361513e-04
5.8154936414211988e-04
4.7000864287838340e-04
6.3495588256046176e-04
8.5107568884268403e-04
7.8904512338340282e-04
7.5771816773340106e-04
7.0415576919913292e-04
6.7999813472852111e-04
4.5369577128440142e-04
4.4460417120717466e-04
3.8621027488261461e-04
3.7322231219150126e-04
3.7088445969857275e-04
4.4704592437483370e-04
5.3063652012497187e-04
5.7848414871841669e-04
7.1381882298737764e-04
7.6270551653578877e-04
7.0696114562451839e-04
8.6764834122732282e-04
8.1112468615174294e-04
6.4404745353385806e-04
4.7229454503394663e-04
4.5166964991949499e-04
3.4740220871753991e-04
2.9835963505320251e-04
4.2927838512696326e-04
4.6819032286293805e-04
5.1645364146679640e-04
5.5178091861307621e-04
5.5505387717857957e-04
6.3360511558130383e-04
6.7350413883104920e-04
9.1061252169311047e-04
7.4166501872241497e-04
7.1475392905995250e-04
5.4663768969476223e-04
6.0149887576699257e-04
6.5048946999013424e-04
5.3687073523178697e-04
4.4340928434394300e-04
3.7597573827952147e-04
3.8506733835674822e-04
4.8273685388267040e-04
5.9157604118809104e-04
5.2809086628258228e-04
8.4281532326713204e-04
7.2436506161466241e-04
7.9018808901309967e-04
8.1813818542286754e-04
8.0405920743942261e-04
7.1745546301826835e-04
6.6217867424711585e-04
3.7052080733701587e-04
3.7405351758934557e-04
3.2324460335075855e-04
3.6246827221475542e-04
3.8314511766657233e-04
4.0761445416137576e-04
4.7073597670532763e-04
5.8778357924893498e-04
8.5393304470926523e-04
7.5693888356909156e-04
8.7570090545341372e-04
7.9886405728757381e-04
9.2817225959151983e-04
8.8661076733842492e-04
8.3408743375912309e-04
6.8103719968348742e-04
6.0342106735333800e-04
5.3328601643443108e-04
5.2175275050103664e-04
6.2690331833437085e-04
5.8030249783769250e-04
7.9418835230171680e-04
9.6173316705971956e-04
1.0102562373504043e-03
9.8511157557368279e-04
1.1048605665564537e-03
9.3492603627964854e-04
1.1775932507589459e-03
1.0950417490676045e-03
7.3657376924529672e-04
6.6825700923800468e-04
5.7993881637230515e-04
4.7343748155981302e-04
3.7961237831041217e-04
2.7529301587492228e-04
3.0739925568923354e-04
3.8813249557279050e-04
4.7795727732591331e-04
2.8059209580533206e-04
4.8538640839979053e-04
6.5734714735299349e-04
5.6669110199436545e-04
5.1879149395972490e-04
5.6274275993928313e-04
5.3593557095155120e-04
3.4355776733718812e-04
3.9088595076464117e-04
3.6085775354877114e-04
2.8511192067526281e-04
3.2563437707722187e-04
2.9612571233883500e-04
4.8860744573175907e-04
4.2538199340924621e-04
5.0471251597627997e-04
6.1578559689223766e-04
5.6284666061401367e-04
6.4274866599589586e-04
6.6654261900112033e-04
4.9442605813965201e-04
4.9582874635234475e-04
4.6709933667443693e-04
4.1982313268817961e-04
3.2360825571231544e-04
2.0396307809278369e-04
3.0926952604204416e-04
2.2396455460693687e-04
4.0096460725180805e-04
3.7155984318815172e-04
6.6020450321957469e-04
8.3782797446474433e-04
9.8505953792482615e-04
9.4058876857161522e-04
8.6255703354254365e-04
6.2877358868718147e-04
6.6508795134723186e-04
4.9624434905126691e-04
4.4320148299448192e-04
4.2470660991966724e-04
4.1421232162974775e-04
4.3649968574754894e-04
4.0314657962881029e-04
4.0496489964425564e-04
5.3235091036185622e-04
6.0092739295214415e-04
6.1162945348769426e-04
7.3143048211932182e-04
7.3995062848553061e-04
5.2783108549192548e-04
4.9562094500288367e-04
4.8424347187392414e-04
3.6641661426983774e-04
3.0147674260661006e-04
3.2620585989207029e-04
2.7534496621228755e-04
2.4022549041546881e-04
3.2277702121064067e-04
3.5623402800410986e-04
4.9073743866756558e-04
6.0659012524411082e-04
7.0883141597732902e-04
1.0075027821585536e-03
7.2358577745035291e-04
6.3256610883399844e-04
7.6930341310799122e-04
7.2535214712843299e-04
5.6284666061401367e-04
5.7739316252991557e-04
4.7016449389047921e-04
3.6927397013641894e-04
3.6553342943079770e-04
3.9628893136978149e-04
4.9219210632145405e-04
4.6798252151347697e-04
5.0133565673604608e-04
6.9070025347173214e-04
7.2436506161466241e-04
8.2691805437207222e-04
5.9677124954760075e-04
5.2331126062199473e-04
5.6721060536801815e-04
4.7213866491802037e-04
3.4646707354113460e-04
3.5057126660831273e-04
2.6890292065218091e-04
3.8979493547230959e-04
3.9493819349445403e-04
5.0762179307639599e-04
5.2580499323084950e-04
6.7849154584109783e-04
8.6406368063762784e-04
9.3128939624875784e-04
8.3600962534546852e-04
7.7891454566270113e-04
8.3600962534546852e-04
8.8520807912573218e-04
7.9361692769452929e-04
7.0509093347936869e-04
6.5251562045887113e-04
5.0294614629819989e-04
8.4707536734640598e-04
6.2207179144024849e-04
6.0861627571284771e-04
7.4883439810946584e-04
9.0562517289072275e-04
8.3839939907193184e-04
1.0958729544654489e-03
1.0169061133638024e-03
6.6430866718292236e-04
7.2722241748124361e-04
5.9251120546832681e-04
4.3494114652276039e-04
3.5280521842651069e-04
4.9530924297869205e-04
3.3789503504522145e-04
1.1798271589213982e-04
1.5492050442844629e-04
8.5512794612441212e-05
2.8137137996964157e-04
2.4921316071413457e-04
3.0521728331223130e-04
3.8283338653855026e-04
4.4746152707375586e-04
3.4516828600317240e-04
3.6387096042744815e-04
3.3914187224581838e-04
3.3140103914774954e-04
3.4106409293599427e-04
2.0146938913967460e-04
1.1424218246247619e-04
1.2016469554509968e-04
1.3351632514968514e-04
2.1165196085348725e-04
2.2770508076064289e-04
1.8411746714264154e-04
2.6422724477015436e-04
1.9528710981830955e-04
2.1944474428892136e-04
2.3695251729805022e-04
2.0027448772452772e-04
1.9481954223010689e-04
1.2936018174514174e-04
1.2021664588246495e-04
1.3990640582051128e-04
7.5382173235993832e-05
1.5398536925204098e-04
1.3372414105106145e-04
1.7180485883727670e-04
2.0048230362590402e-04
2.2365283803083003e-04
2.6646119658835232e-04
3.2215361716225743e-04
4.3738287058658898e-04
4.4704592437483370e-04
3.0719145433977246e-04
2.4807022418826818e-04
2.4329064763151109e-04
2.2635434288531542e-04
1.6172620235010982e-04
1.6681748093105853e-04
1.4790700515732169e-04
1.6905141819734126e-04
1.8370184989180416e-04
1.7325951193924993e-04
1.5814152720849961e-04
1.6967483679763973e-04
1.4234814443625510e-04
2.5653839111328125e-04
2.0505406428128481e-04
1.6962288646027446e-04
1.1860614176839590e-04
9.9176140793133527e-05
1.3704906450584531e-04
7.1070171543397009e-05
7.1745547757018358e-05
2.7066929033026099e-04
2.8687829035334289e-04
3.8080726517364383e-04
4.2106996988877654e-04
5.0995964556932449e-04
6.1651295982301235e-04
7.5953645864501595e-04
7.8151212073862553e-04
7.8675925033167005e-04
9.7414967603981495e-04
9.5596653409302235e-04
6.3298171153292060e-04
5.3702655714005232e-04
5.3105212282389402e-04
4.4034412712790072e-04
4.2143365135416389e-04
5.3364969789981842e-04
5.7552289217710495e-04
6.5376242855563760e-04
4.7078792704269290e-04
6.4404745353385806e-04
6.4971018582582474e-04
5.1598605932667851e-04
5.4102687863633037e-04
4.6226780978031456e-04
4.3769457261078060e-04
3.6444244324229658e-04
3.6594903212971985e-04
2.7051343931816518e-04
2.1637957252096385e-04
3.0064553720876575e-04
3.2012746669352055e-04
3.9992557140067220e-04
4.0538050234317780e-04
5.2793498616665602e-04
6.1230483697727323e-04
5.8425083989277482e-04
8.4546487778425217e-04
7.5641938019543886e-04
8.0270849866792560e-04
7.7616109047085047e-04
5.7838024804368615e-04
4.9879000289365649e-04
5.2544131176546216e-04
4.3935704161413014e-04
4.6606030082330108e-04
4.4450027053244412e-04
4.4548735604621470e-04
5.4648180957883596e-04
5.5396289099007845e-04
5.8586132945492864e-04
5.6783406762406230e-04
6.2934507150202990e-04
5.6767818750813603e-04
4.6325489529408514e-04
3.7872919347137213e-04
3.2412778818979859e-04
2.4157624284271151e-04
2.3788765247445554e-04
2.0339160982985049e-04
2.2438017185777426e-04
1.9814446568489075e-04
3.0480168061330914e-04
3.1877672881819308e-04
3.5238958662375808e-04
4.4476005132310092e-04
4.0195169276557863e-04
5.0892058061435819e-04
4.2600539745762944e-04
4.1582284029573202e-04
3.6698806798085570e-04
3.5711721284314990e-04
2.8152723098173738e-04
3.2823198125697672e-04
2.3326394148170948e-04
2.3752398556098342e-04
2.8802122687920928e-04
3.3223227364942431e-04
3.6340340739116073e-04
3.9665258373133838e-04
4.7639873810112476e-04
4.1275768307968974e-04
3.2792025012895465e-04
4.7047622501850128e-04
4.4470807188190520e-04
4.8013927880674601e-04
3.0750318546779454e-04
2.9903501854278147e-04
2.3300417524296790e-04
1.9165048433933407e-04
2.9534642817452550e-04
2.8235846548341215e-04
3.0672390130348504e-04
3.6293582525104284e-04
3.9457451202906668e-04
3.9473039214499295e-04
5.3832534467801452e-04
5.6980823865160346e-04
4.7551555326208472e-04
5.4814427858218551e-04
4.3416186235845089e-04
3.7192349554970860e-04
2.7804647106677294e-04
3.0854222131893039e-04
2.2812069801148027e-04
2.6724048075266182e-04
2.4656360619701445e-04
3.4797369153238833e-04
3.9161325548775494e-04
5.1655754214152694e-04
5.7521119015291333e-04
5.8716011699289083e-04
6.0196639969944954e-04
5.6134007172659039e-04
4.8876326764002442e-04
3.3706380054354668e-04
2.9129418544471264e-04
2.6121403789147735e-04
2.6599361444823444e-04
1.8453306984156370e-04
3.1378935091197491e-05
8.0577367043588310e-05
8.3798382547684014e-05
1.0172178008360788e-04
1.1050164903281257e-04
7.9746132541913539e-05
1.6442769265267998e-04
1.4821870718151331e-04
1.5310218441300094e-04
1.6572649474255741e-04
1.7029825539793819e-04
1.9565077673178166e-04
2.3014681937638670e-04
3.0210017575882375e-04
6.3739757752045989e-04
5.7739316252991557e-04
1.9918350153602660e-04
1.4889409067109227e-04
1.5471270307898521e-04
1.3393194240052253e-04
1.4769918925594538e-04
1.2650282587856054e-04
1.4759528858121485e-04
1.3252923963591456e-04
7.5953648774884641e-05
8.8837710791267455e-05
8.1720303569454700e-05
6.2705919845029712e-05
6.9459660153370351e-05
8.4525709098670632e-05
6.1562976043205708e-05
7.7304393926169723e-05
7.4447045335546136e-05
5.0445276428945363e-05
1.0655330697773024e-04
1.7705200298223644e-04
1.2167129898443818e-04
2.0676848362199962e-04
1.7637663404457271e-04
1.8520845333114266e-04
1.8692285811994225e-04
1.5866104513406754e-04
2.0271622634027153e-04
2.4058915732894093e-04
2.8251431649550796e-04
4.2351172305643559e-04
2.8604705585166812e-04
2.2292551875580102e-04
2.8428068617358804e-04
1.3850370305590332e-04
1.7689615197014064e-04
1.8027302576228976e-04
7.7200493251439184e-05
8.7798674940131605e-05
9.1019690444227308e-05
7.4758754635695368e-05
6.0316131566651165e-05
3.7561207136604935e-05
6.7485489125829190e-05
1.0681306594051421e-04
3.6459829425439239e-04
4.7328161599580199e-05
5.2211638831067830e-05
7.3823619459290057e-05
1.1559293488971889e-04
8.8993569079320878e-05
1.3190582103561610e-04
1.3387999206315726e-04
1.3803615001961589e-04
1.2374937068670988e-04
1.9050754781346768e-04
1.7190877406392246e-04
2.3165342281572521e-04
2.8916416340507567e-04
2.3856303596403450e-04
1.7632468370720744e-04
1.6707724716980010e-04
1.5351780166383833e-04
1.2541183969005942e-04
1.2073616380803287e-04
9.5123890787363052e-05
9.3201670097187161e-05
6.6914020862895995e-05
2.7898158805328421e-05
5.7199020375264809e-05
6.1251266743056476e-05
2.5612276658648625e-05
4.8159392463276163e-05
4.2860301618929952e-05
7.8603196016047150e-05
8.0005891504697502e-05
7.3252149377367459e-06
4.3535674194572493e-05
1.8339012967771851e-05
4.7639874537708238e-05
5.8186105889035389e-05
7.9122713941615075e-05
5.0549177103675902e-05
4.9873804528033361e-05
7.2213115345221013e-05
1.0785210179165006e-04
1.1086530867032707e-04
1.1450194142526016e-04
1.4712772099301219e-04
1.5819347754586488e-04
1.0982627281919122e-04
6.2082493968773633e-05
8.4006191173102707e-05
1.0655330697773024e-04
1.0031907731899992e-04
8.5616695287171751e-05
6.3381296058651060e-05
1.2967188376933336e-04
6.8212815676815808e-05
7.1849448431748897e-05
8.0629317380953580e-05
7.8343437053263187e-05
6.5615226048976183e-05
3.6626075598178431e-05
4.5613749534823000e-05
3.1732209026813507e-04
1.0021517664426938e-04
1.2177520693512633e-04
9.8396856628824025e-05
9.4188755610957742e-05
1.5757004439365119e-04
1.5055654512252659e-04
1.5206314856186509e-04
2.5295370141975582e-04
2.3175733804237098e-04
3.0589266680181026e-04
3.6704001831822097e-04
4.1280963341705501e-04
5.0736207049340010e-04
6.5952911972999573e-04
5.2912987302988768e-04
3.2656951225362718e-04
2.8033234411850572e-04
2.8043624479323626e-04
3.4007700742222369e-04
2.7373444754630327e-04
2.3518616217188537e-04
2.6750023243948817e-04
1.9648201123345643e-04
2.0074205531273037e-04
1.7632468370720744e-04
1.0546231351327151e-04
1.2302205141168088e-04
1.6079106717370450e-04
1.1387852282496169e-04
6.7641347413882613e-05
1.0728063352871686e-04
7.0031135692261159e-05
6.5407417423557490e-05
1.1263167107244954e-04
1.1496950901346281e-04
1.0769624350359663e-04
1.7923398991115391e-04
2.2432822152040899e-04
2.5529152480885386e-04
1.9991083536297083e-04
2.4697923799976707e-04
2.4448553449474275e-04
2.5529152480885386e-04
3.4646707354113460e-04
1.8546820501796901e-04
2.0162524015177041e-04
2.2032791457604617e-04
7.2368966357316822e-05
2.0453454635571688e-04
1.3621783000417054e-04
1.6510307614225894e-04
1.4868627476971596e-04
1.1356680624885485e-04
1.5097216237336397e-04
8.0317608080804348e-05
6.8160865339450538e-05
8.4993276686873287e-05
1.3938688789494336e-04
2.0120962290093303e-04
1.1455389176262543e-04
1.1517731763888150e-04
1.5258266648743302e-04
1.6572649474255741e-04
2.0817118638660759e-04
2.0235257397871464e-04
3.2376410672441125e-04
3.2527072471566498e-04
3.1882867915555835e-04
3.1778964330442250e-04
3.2485509291291237e-04
3.7052080733701587e-04
3.0126894125714898e-04
3.3368691219948232e-04
3.1306201708503067e-04
3.3368691219948232e-04
4.0615978650748730e-04
2.8646265855059028e-04
4.4543540570884943e-04
4.2413515620864928e-04
5.2486982895061374e-04
3.5888358252122998e-04
3.0776293715462089e-04
3.2314070267602801e-04
2.9700889717787504e-04
2.8693024069070816e-04
2.4697923799976707e-04
1.2504817277658731e-04
1.5253071615006775e-04
1.0904699593083933e-04
1.0956651385640725e-04
1.2587940727826208e-04
1.9253366917837411e-04
1.6744089953135699e-04
2.4417383247055113e-04
2.5165491388179362e-04
4.2818739893846214e-04
2.9887916753068566e-04
3.2937491778284311e-04
3.2579022808931768e-04
3.3363496186211705e-04
2.8615095652639866e-04
2.9887916753068566e-04
2.6994195650331676e-04
2.5394078693352640e-04
2.0120962290093303e-04
2.2152281599119306e-04
2.6199332205578685e-04
3.7291058106347919e-04
3.8340486935339868e-04
4.6476151328533888e-04
3.1472448608838022e-04
3.2760854810476303e-04
3.6771540180779994e-04
3.1082809437066317e-04
2.3482249525841326e-04
1.8016911053564399e-04
2.0048230362590402e-04
1.2193105794722214e-04
1.0904699593083933e-04
2.7534496621228755e-04
1.3990640582051128e-04
1.7393489542882890e-04
2.6848731795325875e-04
3.6272802390158176e-04
4.2190120439045131e-04
4.1270573274232447e-04
6.0316134477034211e-04
5.8523792540654540e-04
5.8986165095120668e-04
5.5614486336708069e-04
4.5353992027230561e-04
4.4055192847736180e-04
3.6428656312637031e-04
3.1747794128023088e-04
3.0797073850408196e-04
3.7472890107892454e-04
2.9498277581296861e-04
3.2049114815890789e-04
3.0002210405655205e-04
2.9404764063656330e-04
3.7083250936120749e-04
3.3301155781373382e-04
1.7938984092324972e-04
1.9217000226490200e-04
1.9668981258291751e-04
1.9404027261771262e-04
1.9497540779411793e-04
4.3270719470456243e-04
3.1872477848082781e-04
1.8811775953508914e-04
1.3595806376542896e-04
1.8588382226880640e-04
1.7003850371111184e-04
1.9539102504495531e-04
2.9680109582841396e-04
2.5799302966333926e-04
3.3929772325791419e-04
3.1134762684814632e-04
3.1659475644119084e-04
2.6978610549122095e-04
2.6401944342069328e-04
1.7211657541338354e-04
1.6967483679763973e-04
8.9772845967672765e-05
1.1387852282496169e-04
2.0188500639051199e-04
1.4962140994612128e-04
1.8339013331569731e-04
2.8932001441717148e-04
2.2619847732130438e-04
1.8489673675503582e-04
2.2349698701873422e-04
1.5902469749562442e-04
1.4364694652613252e-04
1.4395866310223937e-04
1.4827065751887858e-04
9.5331699412781745e-05
2.0775556913577020e-04
1.1548902693903074e-04
5.3406532970257103e-05
3.6106557672610506e-05
5.4653377446811646e-05
7.0758462243247777e-05
1.0255300730932504e-04
1.7715590365696698e-04
1.5320608508773148e-04
1.7876642232295126e-04
2.6552606141194701e-04
4.7416481538675725e-04
3.4283046261407435e-04
3.5150640178471804e-04
4.5291648712009192e-04
5.1738874753937125e-04
4.1603064164519310e-04
4.0751055348664522e-04
3.2251726952381432e-04
3.5077909706160426e-04
2.1352221665438265e-04
1.9492345745675266e-04
1.3403584307525307e-04
1.8713067402131855e-04
1.3138630311004817e-04
1.0089055285789073e-04
6.0056372603867203e-05
7.9850040492601693e-05
6.9407709816005081e-05
4.3327865569153801e-05
4.7016452299430966e-05
4.3431769881863147e-05
4.8938669351628050e-05
4.3639578507281840e-05
2.4209575713030063e-05
5.3042869694763795e-05
8.2395679783076048e-05
8.0317608080804348e-05
1.2530793901532888e-04
1.0920284694293514e-04
1.2219081691000611e-04
1.4203644241206348e-04
1.2359351967461407e-04
1.2359351967461407e-04
1.0738453420344740e-04
5.4445568821392953e-05
1.3595806376542896e-04
2.2484773944597691e-04
1.6718114784453064e-04
1.5294633340090513e-04
9.4084854936227202e-05
9.3980946985539049e-05
1.7263609333895147e-04
1.0837161971721798e-04
1.2582745694089681e-04
1.3736076653003693e-04
1.4473793271463364e-04
7.0238944317679852e-05
5.2990915719419718e-05
7.2524824645370245e-05
4.1821262129815295e-05
3.2625779567752033e-05
8.7590866314712912e-05
9.0863839432131499e-05
1.1824247485492378e-04
1.4468598237726837e-04
1.7424659745302051e-04
2.6931855245493352e-04
2.3658886493649334e-04
2.5685009313747287e-04
3.7945652729831636e-04
4.0288682794198394e-04
3.9015861693769693e-04
2.3253660765476525e-04
2.8365725302137434e-04
2.5944769731722772e-04
2.1700300567317754e-04
2.1928887872491032e-04
1.9191023602616042e-04
2.6131793856620789e-04
2.7944915927946568e-04
3.1072419369593263e-04
3.1539986957795918e-04
3.6054605152457952e-04
3.4168749698437750e-04
3.3966137561947107e-04
2.8641070821322501e-04
2.3529006284661591e-04
2.0957387459930032e-04
1.5466073818970472e-04
8.2187871157657355e-05
1.0795600246638060e-04
1.4504964929074049e-04
1.1533316865097731e-04
1.7798713815864176e-04
1.6224572027567774e-04
2.4697923799976707e-04
2.5394078693352640e-04
1.6551869339309633e-04
2.5233026826754212e-04
1.6375232371501625e-04
2.2276965319178998e-04
1.6894751752261072e-04
1.4567306789103895e-04
1.4302352792583406e-04
1.3549049617722631e-04
9.7617579740472138e-05
9.7461728728376329e-05
1.1787881521740928e-04
9.8656615591607988e-05
1.0333228419767693e-04
1.2234668247401714e-04
1.6889555263333023e-04
1.4068568998482078e-04
1.2265838449820876e-04
1.5346585132647306e-04
1.1891785106854513e-04
1.5834932855796069e-04
8.4317900473251939e-05
6.8836241553071886e-05
6.6914020862895995e-05
7.6317308412399143e-05
8.8889668404590338e-05
6.4939849835354835e-05
6.1978593294043094e-05
1.3528269482776523e-04
1.0161787940887734e-04
1.4608868514187634e-04
1.9746909674722701e-04
1.2619110930245370e-04
2.0604114979505539e-04
1.9471564155537635e-04
1.3003555068280548e-04
1.4686796930618584e-04
1.4775113959331065e-04
1.3045116793364286e-04
1.3803615001961589e-04
1.0099445353262126e-04
1.5440098650287837e-04
1.8577992159407586e-04
2.3716033319942653e-04
1.8297451606485993e-04
3.2438753987662494e-04
3.1664670677855611e-04
2.3274442355614156e-04
2.5170686421915889e-04
2.3134172079153359e-04
1.9902765052393079e-04
1.4671210374217480e-04
1.4338718028739095e-04
8.9616994955576956e-05
9.2993861471768469e-05
8.7279157014563680e-05
4.6289125748444349e-05
5.7458779338048771e-05
1.1663197074085474e-04
1.1512536730151623e-04
5.1640166930155829e-05
1.4551721687894315e-04
1.1658002040348947e-04
1.3362024037633091e-04
9.2941911134403199e-05
1.5938836440909654e-04
1.0177373042097315e-04
1.1320314661134034e-04
1.3559441140387207e-04
5.3458483307622373e-05
7.9122713941615075e-05
8.9409186330158263e-05
1.6105081886053085e-04
1.1138482659589499e-04
1.5777786029502749e-04
2.5295370141975582e-04
1.8188352987635881e-04
1.9523515948094428e-04
1.8640334019437432e-04
1.5689467545598745e-04
1.6562259406782687e-04
6.8576482590287924e-05
9.8968332167714834e-05
7.4602896347641945e-05
5.8341960539110005e-05
